[gd_scene format=3 uid="uid://c7lyd0ltxwa8"]

[ext_resource type="PackedScene" uid="uid://osh7lqk4p408" path="res://Assets/Environment/mushi_map_v_2.tscn" id="4_endwm"]
[ext_resource type="PackedScene" uid="uid://fvx54iskoapx" path="res://Scenes/CCC_porter.tscn" id="5_woqci"]
[ext_resource type="Script" uid="uid://dtxx8xlsewsfv" path="res://Scripts/Control/InputConfig.gd" id="6_n8s0r"]

[sub_resource type="Environment" id="Environment_w862e"]
background_mode = 2
ambient_light_source = 2
ambient_light_color = Color(0.0482935, 0.425166, 0.589364, 1)
ambient_light_energy = 2.0
reflected_light_source = 2
ssr_enabled = true
sdfgi_use_occlusion = true
glow_normalized = true
glow_strength = 2.0
glow_bloom = 0.1
glow_hdr_threshold = 1.29
fog_light_color = Color(0.673005, 0.903439, 0.916402, 1)
fog_density = 0.001
fog_aerial_perspective = 1.0
volumetric_fog_albedo = Color(0.906114, 0.830647, 0.742678, 1)
volumetric_fog_emission = Color(0.918557, 0.864031, 0.682974, 1)
volumetric_fog_emission_energy = 2.0
volumetric_fog_gi_inject = 16.0
volumetric_fog_length = 200.0
volumetric_fog_ambient_inject = 1.0

[sub_resource type="CameraAttributesPractical" id="CameraAttributesPractical_endwm"]
auto_exposure_scale = 0.2

[sub_resource type="Resource" id="Resource_37vtp"]
script = ExtResource("6_n8s0r")
metadata/_custom_type_script = "uid://dtxx8xlsewsfv"

[node name="Scene" type="Node3D" unique_id=1118251904]

[node name="WorldEnvironment" type="WorldEnvironment" parent="." unique_id=1858229918]
environment = SubResource("Environment_w862e")
camera_attributes = SubResource("CameraAttributesPractical_endwm")

[node name="DirectionalLight3D" type="DirectionalLight3D" parent="." unique_id=385269276]
transform = Transform3D(0.91212, -0.189281, 0.363606, 0, 0.88701, 0.461749, -0.409923, -0.42117, 0.80906, -0.946876, 1.747, -2.87392)
shadow_enabled = true
shadow_bias = 0.0
directional_shadow_blend_splits = true
directional_shadow_max_distance = 200.0

[node name="SpotLight3D" type="SpotLight3D" parent="." unique_id=792370724]
transform = Transform3D(0.688025, -0.191953, 0.699839, -1.49012e-08, 0.964382, 0.264513, -0.725687, -0.181991, 0.663519, 9.1058, 143.968, -167.174)
visible = false
light_color = Color(0.925825, 0.466993, 0.165723, 1)
light_energy = 5000.0
shadow_enabled = true
shadow_bias = 0.01
shadow_normal_bias = 0.0
spot_range = 11.982
spot_angle = 20.5861

[node name="SpotLight3D2" type="SpotLight3D" parent="." unique_id=1021483595]
transform = Transform3D(0.688025, -0.191953, 0.699839, -1.49012e-08, 0.964382, 0.264512, -0.725687, -0.181991, 0.663519, 71.3644, 154.289, -114.748)
visible = false
light_color = Color(0.925825, 0.466993, 0.165723, 1)
light_energy = 5000.0
shadow_enabled = true
shadow_bias = 0.2
spot_range = 274.975
spot_angle = 43.9079

[node name="MUSHI_Map_V2" parent="." unique_id=1202049767 instance=ExtResource("4_endwm")]

[node name="CCCPorter" parent="." unique_id=1866871668 node_paths=PackedStringArray("movement_system") instance=ExtResource("5_woqci")]
input_config = SubResource("Resource_37vtp")
movement_system = NodePath("MovementSystem")
